36 4E 00 10 10 11 00 10 10 10 10 10 10 10 79 36 
4F 00 15 15 16 00 15 15 15 15 15 15 15 7A 36 50 
00 0E 0E 0F 00 0E 0E 0E 0E 0E 0E 0E 67 36 51 00 
13 13 14 00 13 13 13 13 13 13 13 60 36 52 00 0C 
0C 0D 00 0C 0C 0C 0C 0C 0C 0C 65 36 53 00 11 11 
12 00 11 11 11 11 11 11 11 66 36 54 00 1A 1A 1B 
00 1A 1A 1A 1A 1A 1A 1A 63 36 55 00 1F 1F 20 00 
1F 1F 1F 1F 1F 1F 1F 5C 36 56 00 18 18 19 00 18 
18 18 18 18 18 18 61 36 57 00 1D 1D 1E 00 1D 1D 
1D 1D 1D 1D 1D 62 36 58 00 16 16 17 00 16 16 16 
16 16 16 16 6F 36 59 00 1B 1B 1C 00 1B 1B 1B 1B 
1B 1B 1B 68 36 5A 00 14 14 15 00 14 14 14 14 14 
14 14 6D 36 5B 00 19 19 1A 00 19 19 19 19 19 19 
19 6E 36 5C 00 42 42 43 00 42 42 42 42 42 42 42 
6B 36 5D 00 47 47 48 00 47 47 47 47 47 47 47 64 
36 5E 00 40 40 41 00 40 40 40 40 40 40 40 69 36 
5F 00 45 45 46 00 45 45 45 45 45 45 45 6A 36 60 
00 7E 7E 7F 00 7E 7E 7E 7E 7E 7E 7E 57 36 61 00 
43 43 44 00 43 43 43 43 43 43 43 50 36 62 00 7C 
7C 7D 00 7C 7C 7C 7C 7C 7C 7C 55 36 63 00 41 41 
42 00 41 41 41 41 41 41 41 56 36 64 00 4A 4A 4B 
00 4A 4A 4A 4A 4A 4A 4A 53 36 65 00 4F 4F 50 00 
4F 4F 4F 4F 4F 4F 4F 4C 36 66 00 48 48 49 00 48 
48 48 48 48 48 48 51 36 67 00 4D 4D 4E 00 4D 4D 
4D 4D 4D 4D 4D 52 36 68 00 46 46 47 00 46 46 46 
46 46 46 46 5F 36 69 00 4B 4B 4C 00 4B 4B 4B 4B 
4B 4B 4B 58 36 6A 00 44 44 45 00 44 44 44 44 44 
44 44 5D 36 6B 00 49 49 4A 00 49 49 49 49 49 49 
49 5E 36 6C 00 72 72 73 00 72 72 72 72 72 72 72 
5B 36 6D 00 77 77 78 00 77 77 77 77 77 77 77 54 
36 6E 00 70 70 71 00 70 70 70 70 70 70 70 59 36 
6F 00 75 75 76 00 75 75 75 75 75 75 75 5A 36 70 
00 6E 6E 6F 00 6E 6E 6E 6E 6E 6E 6E 47 36 71 00 
73 73 74 00 73 73 73 73 73 73 73 40             

