36	11	00	53	53	54	00	53	53	53	53	53	53	53	20	
00110110	00010001	00000000	01010011	01010011	01010100	00000000	01010011	01010011	01010011	01010011	01010011	01010011	01010011	00100000	
36	12	00	4C	4C	4D	00	4C	4C	4C	4C	4C	4C	4C	25	
00110110	00010010	00000000	01001100	01001100	01001101	00000000	01001100	01001100	01001100	01001100	01001100	01001100	01001100	00100101	
36	13	00	51	51	52	00	51	51	51	51	51	51	51	26	
00110110	00010011	00000000	01010001	01010001	01010010	00000000	01010001	01010001	01010001	01010001	01010001	01010001	01010001	00100110	
36	14	00	5A	5A	5B	00	5A	5A	5A	5A	5A	5A	5A	23	
00110110	00010100	00000000	01011010	01011010	01011011	00000000	01011010	01011010	01011010	01011010	01011010	01011010	01011010	00100011	
36	15	00	5F	5F	60	00	5F	5F	5F	5F	5F	5F	5F	1C	
00110110	00010101	00000000	01011111	01011111	01100000	00000000	01011111	01011111	01011111	01011111	01011111	01011111	01011111	00011100	
36	16	00	58	58	59	00	58	58	58	58	58	58	58	21	
00110110	00010110	00000000	01011000	01011000	01011001	00000000	01011000	01011000	01011000	01011000	01011000	01011000	01011000	00100001	
36	17	00	5D	5D	5E	00	5D	5D	5D	5D	5D	5D	5D	22	
00110110	00010111	00000000	01011101	01011101	01011110	00000000	01011101	01011101	01011101	01011101	01011101	01011101	01011101	00100010	
36	18	00	56	56	57	00	56	56	56	56	56	56	56	2F	
00110110	00011000	00000000	01010110	01010110	01010111	00000000	01010110	01010110	01010110	01010110	01010110	01010110	01010110	00101111	
36	19	00	5B	5B	5C	00	5B	5B	5B	5B	5B	5B	5B	28	
00110110	00011001	00000000	01011011	01011011	01011100	00000000	01011011	01011011	01011011	01011011	01011011	01011011	01011011	00101000	
36	1A	00	54	54	55	00	54	54	54	54	54	54	54	2D	
00110110	00011010	00000000	01010100	01010100	01010101	00000000	01010100	01010100	01010100	01010100	01010100	01010100	01010100	00101101	
36	1B	00	59	59	5A	00	59	5B	59	59	59	59	59	2C	
00110110	00011011	00000000	01011001	01011001	01011010	00000000	01011001	01011011	01011001	01011001	01011001	01011001	01011001	00101100	
36	1C	00	02	02	03	00	02	26	02	02	02	02	02	0F	
00110110	00011100	00000000	00000010	00000010	00000011	00000000	00000010	00100110	00000010	00000010	00000010	00000010	00000010	00001111	
36	1D	00	07	07	08	00	07	32	07	07	07	07	07	11	
00110110	00011101	00000000	00000111	00000111	00001000	00000000	00000111	00110010	00000111	00000111	00000111	00000111	00000111	00010001	
36	1E	00	00	00	01	00	00	36	00	00	00	00	00	1F	
00110110	00011110	00000000	00000000	00000000	00000001	00000000	00000000	00110110	00000000	00000000	00000000	00000000	00000000	00011111	
36	1F	00	05	05	06	00	05	34	05	05	05	05	05	1B	
00110110	00011111	00000000	00000101	00000101	00000110	00000000	00000101	00110100	00000101	00000101	00000101	00000101	00000101	00011011	
36	20	00	3E	3E	3F	00	3E	69	3E	3E	3E	3E	3E	40	
00110110	00100000	00000000	00111110	00111110	00111111	00000000	00111110	01101001	00111110	00111110	00111110	00111110	00111110	01000000	
36	21	00	03	03	04	00	03	3A	03	03	03	03	03	29	
00110110	00100001	00000000	00000011	00000011	00000100	00000000	00000011	00111010	00000011	00000011	00000011	00000011	00000011	00101001	
36	22	00	3C	3C	3D	00	3C	72	3C	3C	3C	3C	3C	5B	
00110110	00100010	00000000	00111100	00111100	00111101	00000000	00111100	01110010	00111100	00111100	00111100	00111100	00111100	01011011	
36	23	00	01	01	02	00	01	2E	01	01	01	01	01	39	
00110110	00100011	00000000	00000001	00000001	00000010	00000000	00000001	00101110	00000001	00000001	00000001	00000001	00000001	00111001	
36	24	00	0A	0A	0B	00	0A	38	0A	0A	0A	0A	0A	21	
00110110	00100100	00000000	00001010	00001010	00001011	00000000	00001010	00111000	00001010	00001010	00001010	00001010	00001010	00100001	
36	25	00	0F	0F	10	00	0F	46	0F	0F	0F	0F	0F	45	
00110110	00100101	00000000	00001111	00001111	00010000	00000000	00001111	01000110	00001111	00001111	00001111	00001111	00001111	01000101	
36	26	00	08	08	09	00	08	26	08	08	08	08	08	3F	
00110110	00100110	00000000	00001000	00001000	00001001	00000000	00001000	00100110	00001000	00001000	00001000	00001000	00001000	00111111	
36	27	00	0D	0D	0E	00	0D	0E	0D	0D	0D	0D	0D	11	
00110110	00100111	00000000	00001101	00001101	00001110	00000000	00001101	00001110	00001101	00001101	00001101	00001101	00001101	00010001	
36	28	00	06	06	07	00	06	06	06	06	06	06	06	1F	
00110110	00101000	00000000	00000110	00000110	00000111	00000000	00000110	00000110	00000110	00000110	00000110	00000110	00000110	00011111	
36	29	00	0B	0B	0C	00	0B	0B	0B	0B	0B	0B	0B	18	
00110110	00101001	00000000	00001011	00001011	00001100	00000000	00001011	00001011	00001011	00001011	00001011	00001011	00001011	00011000	
36	2A	00	04	04	05	00	04	04	04	04	04	04	04	1D	
00110110	00101010	00000000	00000100	00000100	00000101	00000000	00000100	00000100	00000100	00000100	00000100	00000100	00000100	00011101	
36	2B	00	09	09	0A	00	09	09	09	09	09	09	09	1E	
00110110	00101011	00000000	00001001	00001001	00001010	00000000	00001001	00001001	00001001	00001001	00001001	00001001	00001001	00011110	
36	2C	00	32	32	33	00	32	32	32	32	32	32	32	1B	
00110110	00101100	00000000	00110010	00110010	00110011	00000000	00110010	00110010	00110010	00110010	00110010	00110010	00110010	00011011	
36	2D	00	37	37	38	00	37	37	37	37	37	37	37	14	
00110110	00101101	00000000	00110111	00110111	00111000	00000000	00110111	00110111	00110111	00110111	00110111	00110111	00110111	00010100	
36	2E	00	30	30	31	00	30	30	30	30	30	30	30	19	
00110110	00101110	00000000	00110000	00110000	00110001	00000000	00110000	00110000	00110000	00110000	00110000	00110000	00110000	00011001	
36	2F	00	35	35	36	00	35	35	35	35	35	35	35	1A	
00110110	00101111	00000000	00110101	00110101	00110110	00000000	00110101	00110101	00110101	00110101	00110101	00110101	00110101	00011010	
36	30	00	2E	2E	2F	00	2E	2E	2E	2E	2E	2E	2E	07	
00110110	00110000	00000000	00101110	00101110	00101111	00000000	00101110	00101110	00101110	00101110	00101110	00101110	00101110	00000111	
36	31	00	33	33	34	00	33	36	33	33	33	33	33	05	
00110110	00110001	00000000	00110011	00110011	00110100	00000000	00110011	00110110	00110011	00110011	00110011	00110011	00110011	00000101	
36	32	00	2C	2C	2D	00	2C	65	2C	2C	2C	2C	2C	4C	
00110110	00110010	00000000	00101100	00101100	00101101	00000000	00101100	01100101	00101100	00101100	00101100	00101100	00101100	01001100	
36	33	00	31	31	32	00	31	67	31	31	31	31	31	50	
00110110	00110011	00000000	00110001	00110001	00110010	00000000	00110001	01100111	00110001	00110001	00110001	00110001	00110001	01010000	
36	34	00	3A	3A	3B	00	3A	73	3A	3A	3A	3A	3A	4A	
00110110	00110100	00000000	00111010	00111010	00111011	00000000	00111010	01110011	00111010	00111010	00111010	00111010	00111010	01001010	
36	35	00	3F	3F	40	00	3F	78	3F	3F	3F	3F	3F	3B	
00110110	00110101	00000000	00111111	00111111	01000000	00000000	00111111	01111000	00111111	00111111	00111111	00111111	00111111	00111011	
36	36	00	38	38	39	00	38	71	38	38	38	38	38	48	
00110110	00110110	00000000	00111000	00111000	00111001	00000000	00111000	01110001	00111000	00111000	00111000	00111000	00111000	01001000	
36	37	00	3D	3D	3E	00	3D	81	3D	3E	3D	3D	3D	BD	
00110110	00110111	00000000	00111101	00111101	00111110	00000000	00111101	10000001	00111101	00111110	00111101	00111101	00111101	10111101	
36	38	00	36	36	37	00	36	6F	36	36	36	36	36	56	
00110110	00111000	00000000	00110110	00110110	00110111	00000000	00110110	01101111	00110110	00110110	00110110	00110110	00110110	01010110	
36	39	00	3B	3B	3C	00	3B	5A	3B	3B	3B	3B	3B	69	
00110110	00111001	00000000	00111011	00111011	00111100	00000000	00111011	01011010	00111011	00111011	00111011	00111011	00111011	01101001	
36	3A	00	34	34	35	00	34	36	34	34	34	34	34	0F	
00110110	00111010	00000000	00110100	00110100	00110101	00000000	00110100	00110110	00110100	00110100	00110100	00110100	00110100	00001111	
36	3B	00	39	39	3A	00	39	39	39	39	39	39	39	0E	
00110110	00111011	00000000	00111001	00111001	00111010	00000000	00111001	00111001	00111001	00111001	00111001	00111001	00111001	00001110	
36	3C	00	62	62	63	00	62	62	62	62	62	62	62	0B	
00110110	00111100	00000000	01100010	01100010	01100011	00000000	01100010	01100010	01100010	01100010	01100010	01100010	01100010	00001011	
36	3D	00	67	67	68	00	67	67	67	67	67	67	67	04	
00110110	00111101	00000000	01100111	01100111	01101000	00000000	01100111	01100111	01100111	01100111	01100111	01100111	01100111	00000100	
36	3E	00	60	60	61	00	60	60	60	60	60	60	60	09	
00110110	00111110	00000000	01100000	01100000	01100001	00000000	01100000	01100000	01100000	01100000	01100000	01100000	01100000	00001001	
