36 11 00 53 53 54 00 53 53 53 53 53 53 53 20 36 
12 00 4C 4C 4D 00 4C 4C 4C 4C 4C 4C 4C 25 36 13 
00 51 51 52 00 51 51 51 51 51 51 51 26 36 14 00 
5A 5A 5B 00 5A 5A 5A 5A 5A 5A 5A 23 36 15 00 5F 
5F 60 00 5F 5F 5F 5F 5F 5F 5F 1C 36 16 00 58 58 
59 00 58 58 58 58 58 58 58 21 36 17 00 5D 5D 5E 
00 5D 5D 5D 5D 5D 5D 5D 22 36 18 00 56 56 57 00 
56 56 56 56 56 56 56 2F 36 19 00 5B 5B 5C 00 5B 
5B 5B 5B 5B 5B 5B 28 36 1A 00 54 54 55 00 54 54 
54 54 54 54 54 2D 36 1B 00 59 59 5A 00 59 5B 59 
59 59 59 59 2C 36 1C 00 02 02 03 00 02 26 02 02 
02 02 02 0F 36 1D 00 07 07 08 00 07 32 07 07 07 
07 07 11 36 1E 00 00 00 01 00 00 36 00 00 00 00 
00 1F 36 1F 00 05 05 06 00 05 34 05 05 05 05 05 
1B 36 20 00 3E 3E 3F 00 3E 69 3E 3E 3E 3E 3E 40 
36 21 00 03 03 04 00 03 3A 03 03 03 03 03 29 36 
22 00 3C 3C 3D 00 3C 72 3C 3C 3C 3C 3C 5B 36 23 
00 01 01 02 00 01 2E 01 01 01 01 01 39 36 24 00 
0A 0A 0B 00 0A 38 0A 0A 0A 0A 0A 21 36 25 00 0F 
0F 10 00 0F 46 0F 0F 0F 0F 0F 45 36 26 00 08 08 
09 00 08 26 08 08 08 08 08 3F 36 27 00 0D 0D 0E 
00 0D 0E 0D 0D 0D 0D 0D 11 36 28 00 06 06 07 00 
06 06 06 06 06 06 06 1F 36 29 00 0B 0B 0C 00 0B 
0B 0B 0B 0B 0B 0B 18 36 2A 00 04 04 05 00 04 04 
04 04 04 04 04 1D 36 2B 00 09 09 0A 00 09 09 09 
09 09 09 09 1E 36 2C 00 32 32 33 00 32 32 32 32 
32 32 32 1B 36 2D 00 37 37 38 00 37 37 37 37 37 
37 37 14 36 2E 00 30 30 31 00 30 30 30 30 30 30 
30 19 36 2F 00 35 35 36 00 35 35 35 35 35 35 35 
1A 36 30 00 2E 2E 2F 00 2E 2E 2E 2E 2E 2E 2E 07 
36 31 00 33 33 34 00 33 36 33 33 33 33 33 05 36 
32 00 2C 2C 2D 00 2C 65 2C 2C 2C 2C 2C 4C 36 33 
00 31 31 32 00 31 67 31 31 31 31 31 50 36 34 00 
3A 3A 3B 00 3A 73 3A 3A 3A 3A 3A 4A 36 35 00 3F 
3F 40 00 3F 78 3F 3F 3F 3F 3F 3B 36 36 00 38 38 
39 00 38 71 38 38 38 38 38 48 36 37 00 3D 3D 3E 
00 3D 81 3D 3E 3D 3D 3D BD 36 38 00 36 36 37 00 
36 6F 36 36 36 36 36 56 36 39 00 3B 3B 3C 00 3B 
5A 3B 3B 3B 3B 3B 69 36 3A 00 34 34 35 00 34 36 
34 34 34 34 34 0F 36 3B 00 39 39 3A 00 39 39 39 
39 39 39 39 0E 36 3C 00 62 62 63 00 62 62 62 62 
62 62 62 0B 36 3D 00 67 67 68 00 67 67 67 67 67 
67 67 04 36 3E 00 60 60 61 00 60 60 60 60 60 60 
60 09                                           

